4096 0
4808 1
6194 1
5704 2
4681 2
4696 2
4748 2
5000 2
4776 2
4552 2
5320 2
6344 2
4801 2
4804 2
4802 2
6906 2
6179 2
7202 2
6306 2
6418 2
6166 2
6226 2
5170 2
4402 2
4658 2
6196 2
6193 2
6200 2
5644 3
5896 3
5672 3
4936 3
7240 3
6472 3
5697 3
5700 3
5698 3
5128 3
5632 3
5768 3
7802 3
4621 3
4873 3
4649 3
4425 3
5193 3
6217 3
4675 3
4684 3
4678 3
4105 3
4609 3
4745 3
6779 3
4636 3
4888 3
4664 3
4440 3
5208 3
6232 3
4689 3
4692 3
4690 3
4120 3
4624 3
4760 3
4730 3
6776 3
4712 3
4492 3
5260 3
6284 3
4742 3
4739 3
4612 3
4108 3
6846 3
6536 3
7304 3
4993 3
4996 3
4994 3
4864 3
4360 3
7098 3
4520 3
5288 3
6312 3
4769 3
4772 3
4770 3
4640 3
4136 3
6840 3
4794 3
5448 3
4300 3
4268 3
4545 3
4548 3
4546 3
4480 3
4416 3
5056 3
6650 3
4297 3
4185 3
5512 3
5313 3
5316 3
5314 3
5248 3
5184 3
5824 3
7418 3
6337 3
6340 3
6338 3
6272 3
6208 3
6848 3
6362 3
6378 3
4298 3
5712 3
4741 3
4161 3
4225 3
6899 3
4677 3
5024 3
4164 3
4228 3
6902 3
4162 3
4226 3
6882 3
6866 3
7787 3
7070 3
5626 3
6901 3
6403 3
6151 3
6211 3
5155 3
4387 3
4643 3
6182 3
6185 3
6188 3
6891 3
6145 3
4099 3
6163 3
7426 3
7174 3
7234 3
5666 3
6434 3
4898 3
7204 3
7201 3
7208 3
7914 3
7168 3
5122 3
7186 3
6530 3
6278 3
5282 3
4514 3
6308 3
6305 3
6242 3
6290 3
4882 3
5650 3
6420 3
6417 3
6424 3
7130 3
4354 3
6400 3
5142 3
4374 3
4630 3
6172 3
6169 3
6878 3
4102 3
6148 3
5202 3
4434 3
6228 3
6225 3
4147 3
4259 3
5394 3
5172 3
5169 3
5176 3
5882 3
5152 3
5136 3
7216 3
5410 3
4150 3
4182 3
4404 3
4401 3
4408 3
5114 3
4384 3
4368 3
6448 3
4660 3
4657 3
4154 3
6704 3
6181 3
6480 3
6908 3
4116 3
4132 3
7328 3
6165 3
6905 3
4113 3
4129 3
4876 4
7180 4
6412 4
5641 4
5638 4
5635 4
7742 4
6920 4
7688 4
7432 4
5889 4
5892 4
5890 4
7994 4
4904 4
6440 4
5665 4
5668 4
7736 4
5690 4
5656 4
4652 4
4929 4
4932 4
4930 4
7034 4
7233 4
7236 4
7744 4
7808 4
7258 4
7274 4
5194 4
6220 4
6465 4
6468 4
6466 4
6976 4
7040 4
6490 4
6506 4
4426 4
4816 4
5637 4
5761 4
5257 4
7795 4
5952 4
5920 4
5196 4
5764 4
7798 4
5762 4
5258 4
7778 4
7762 4
4232 4
4616 4
6152 4
5121 4
5124 4
7226 4
4736 4
7730 4
4633 4
7866 4
7966 4
6010 4
7546 4
7797 4
4365 4
5133 4
6157 4
4619 4
4622 4
4615 4
6719 4
6409 4
7177 4
4867 4
4870 4
6971 4
4393 4
5161 4
4646 4
6713 4
4667 4
4173 4
4141 4
4419 4
4428 4
4422 4
4489 4
6523 4
4312 4
5385 4
5187 4
5190 4
7291 4
6214 4
6281 4
6721 4
6785 4
6235 4
6251 4
4171 4
4235 4
6755 4
6739 4
6782 4
4174 4
4238 4
6758 4
6742 4
6724 4
6203 4
4353 4
4610 4
6707 4
6843 4
6943 4
5499 4
6775 4
6781 4
4380 4
5148 4
4627 4
4670 4
6716 4
7192 4
4881 4
4884 4
4922 4
6968 4
4188 4
4156 4
4433 4
4436 4
4504 4
4944 4
5008 4
4474 4
6520 4
4456 4
5400 4
5201 4
5204 4
5272 4
5776 4
5242 4
7288 4
5224 4
6296 4
6736 4
6800 4
4186 4
6248 4
4202 4
4629 4
4753 4
4249 4
4723 4
6769 4
4705 4
4912 4
4756 4
4252 4
4726 4
6772 4
4708 4
4754 4
4250 4
4706 4
6752 4
4114 4
6160 4
4715 4
5738 4
4842 4
4894 4
6266 4
4725 4
6761 4
7784 4
6888 4
6940 4
5496 4
6770 4
5388 4
4328 4
4486 4
4483 4
6590 4
4237 4
4125 4
5254 4
5251 4
7358 4
6275 4
6788 4
6302 4
6318 4
6822 4
6806 4
6819 4
6803 4
4672 4
4356 4
6710 4
4168 4
6206 4
7727 4
5566 4
6845 4
6839 4
6529 4
6532 4
6554 4
6570 4
4490 4
7297 4
7300 4
7298 4
7322 4
7338 4
6016 4
5904 4
7091 4
4869 4
4832 4
7094 4
7074 4
7058 4
6962 4
6458 4
7979 4
7610 4
6074 4
7093 4
5416 4
4513 4
4516 4
4960 4
6584 4
4538 4
4265 4
4153 4
5281 4
5284 4
5792 4
5728 4
7352 4
5306 4
6816 4
4266 4
5680 4
4201 4
6833 4
4787 4
4645 4
4204 4
6836 4
4790 4
6176 4
4130 4
7721 4
7064 4
6812 4
6872 4
5560 4
6834 4
5675 4
5018 4
4766 4
4826 4
6330 4
4789 4
5164 4
6728 4
5441 4
5444 4
5442 4
4294 4
4291 4
6398 4
4262 4
6332 4
4286 4
5568 4
5456 4
4293 4
4261 4
6643 4
4421 4
4324 4
4576 4
6646 4
6626 4
6610 4
6592 4
5376 4
4288 4
4256 4
6578 4
6514 4
7360 4
7154 4
7531 4
6622 4
6645 4
6395 4
4377 4
4179 4
4219 4
6265 4
6792 4
5505 4
5508 4
5506 4
5328 4
4305 4
5253 4
7411 4
4181 4
5536 4
7414 4
7394 4
7378 4
7346 4
4176 4
7282 4
7922 4
7403 4
7582 4
7413 4
7248 4
6277 4
6355 4
6371 4
6213 4
6560 4
6358 4
6374 4
7243 4
5338 4
4570 4
6357 4
6542 4
5354 4
4586 4
6373 4
5652 4
5746 4
7792 4
4485 4
4746 4
4101 4
6259 4
6323 4
7907 4
7063 4
5619 4
4897 4
5189 4
4682 4
7088 4
5042 4
6262 4
6326 4
7783 4
7126 4
5622 4
7046 4
5602 4
6884 4
6881 4
7747 4
5586 4
6868 4
6865 4
7951 4
5995 4
7019 4
7789 4
7790 4
7211 4
7715 4
7851 4
7753 4
5707 4
7771 4
6046 4
7838 4
7069 4
7067 4
6934 4
6430 4
7006 4
5006 4
7052 4
7086 4
5611 4
4603 4
5598 4
5374 4
5621 4
5554 4
5490 4
6130 4
5608 4
5592 4
7672 4
7909 4
7924 4
7125 4
7153 4
6261 4
6325 4
6397 4
4821 4
4837 4
4855 4
7171 4
6406 4
7115 4
5127 4
4359 4
6158 4
6155 4
6863 4
6347 4
6851 4
4274 4
5379 4
5158 4
5867 4
5139 4
7185 4
4135 4
4167 4
4390 4
4396 4
5099 4
6433 4
4371 4
4779 4
4139 4
6689 4
6673 4
6894 4
6825 4
4123 4
6828 4
6764 4
6692 4
4142 4
4126 4
7055 4
6887 4
6893 4
6857 4
4811 4
6875 4
6146 4
7682 4
6914 4
7428 4
7425 4
8138 4
7886 4
7370 4
7874 4
5802 4
5162 4
7712 4
7696 4
6436 4
7146 4
4900 4
4970 4
5034 4
4394 4
6944 4
6928 4
7456 4
7488 4
7916 4
7188 4
6320 4
7173 4
7913 4
7848 4
5146 4
8078 4
6122 4
7658 4
7880 4
5834 4
7898 4
7106 4
6602 4
6854 4
6350 4
5858 4
5218 4
5266 4
7312 4
5090 4
4450 4
4498 4
6544 4
6380 4
6244 4
6292 4
4246 4
6377 4
6241 4
6289 4
4243 4
4954 4
4378 4
5649 4
5722 4
5786 4
6405 4
6256 4
7132 4
7440 4
7552 4
7129 4
7000 4
8011 4
7642 4
6106 4
5066 4
7112 4
4119 4
4231 4
5145 4
5854 4
5382 4
4210 4
5086 4
4702 4
6676 4
6748 4
6809 4
6745 4
7759 4
6877 4
6871 4
4814 4
6860 4
5842 4
7264 4
5074 4
6496 4
6364 4
4198 4
6361 4
4195 4
4859 4
4835 4
4331 4
6674 4
5396 4
5393 4
4149 4
5424 4
5884 4
4273 4
5296 4
5141 4
5881 4
5816 4
5752 4
5755 4
5877 4
5864 4
5848 4
7928 4
4144 4
6690 4
5412 4
5409 4
4862 4
4318 4
4822 4
4389 4
4464 4
4212 4
5116 4
5113 4
5048 4
4984 4
5054 4
5109 4
5096 4
5080 4
7160 4
4732 4
4796 4
4729 4
4793 4
5157 4
6186 4
6616 4
7120 4
7100 4
5628 4
4828 4
4844 4
7904 4
7400 4
4373 4
6170 4
7801 4
5625 4
4825 4
4841 4
6974 5
7820 5
7756 5
7684 5
7198 5
7214 5
5134 5
6988 5
6916 5
6446 5
4366 5
7739 5
5710 5
5774 5
7718 5
7702 5
5771 5
5131 5
7699 5
7681 5
7854 5
6831 5
7774 5
8026 5
5950 5
7486 5
7741 5
7735 5
6696 5
6668 5
6913 5
6938 5
6954 5
4874 5
6680 5
6665 5
7706 5
7722 5
5642 5
8072 5
8008 5
7936 5
7450 5
7466 5
5386 5
5961 5
6025 5
7987 5
5964 5
6028 5
7990 5
5962 5
6026 5
7970 5
7954 5
8106 5
7083 5
7989 5
7080 5
7016 5
4784 5
5737 5
5801 5
7729 5
5683 5
5740 5
5804 5
7732 5
5686 5
7960 5
7708 5
7768 5
5944 5
7480 5
5914 5
5662 5
5685 5
7027 5
7030 5
7010 5
6994 5
8042 5
7029 5
6352 5
7369 5
7873 5
7251 5
7267 5
7372 5
7876 5
7254 5
7270 5
7826 5
7842 5
7253 5
7438 5
7269 5
6218 5
6238 5
6254 5
6601 5
7105 5
6483 5
6499 5
6604 5
7108 5
6486 5
6502 5
6475 5
7498 5
6485 5
6478 5
6501 5
4560 5
4240 5
4850 5
6896 5
5709 5
5773 5
7859 5
7355 5
7959 5
6003 5
7539 5
7804 5
8050 5
5992 5
6056 5
7984 5
5938 5
7294 5
7862 5
7910 5
8022 5
6006 5
7542 5
6282 5
7942 5
5986 5
7522 5
7780 5
7777 5
5970 5
7506 5
7764 5
7761 5
6714 5
6656 5
4106 5
5833 5
7219 5
5836 5
7222 5
6315 5
7221 5
7474 5
8090 5
7861 5
7965 5
7963 5
5902 5
7948 5
7982 5
4987 5
5982 5
5758 5
6005 5
5434 5
5976 5
8056 5
6635 5
7518 5
7541 5
8114 5
8021 5
8049 5
7293 5
7357 5
5717 5
5733 5
5751 5
4363 5
5005 5
4941 5
6463 5
7231 5
6797 5
6733 5
6661 5
6175 5
6191 5
4111 5
4634 5
6699 5
6683 5
4650 5
6702 5
6686 5
4687 5
4751 5
6695 5
6679 5
6751 5
7003 5
5439 5
7049 5
6985 5
6427 5
6443 5
7817 5
7195 5
4939 5
5003 5
6947 5
6931 5
4942 5
6950 5
7483 5
5947 5
6967 5
6973 5
5033 5
4969 5
6457 5
4411 5
4280 5
7225 5
5179 5
4718 5
4782 5
6937 5
6685 5
5433 5
4891 5
4639 5
4699 5
4663 5
4669 5
6271 5
4781 5
4717 5
6205 5
4159 5
4555 5
5059 5
6526 5
4558 5
5062 5
6587 5
6495 5
6519 5
6525 5
4308 5
4306 5
4346 5
6392 5
5323 5
5827 5
5326 5
5830 5
7455 5
7287 5
6299 5
6722 5
6786 5
5211 5
4443 5
6231 5
6237 5
6415 5
5227 5
4459 5
6247 5
6253 5
6919 5
5475 5
5459 5
6767 5
5502 5
6982 5
5478 5
6727 5
7750 5
5462 5
6199 5
5065 5
6451 5
5427 5
6815 5
5563 5
5919 5
7711 5
4879 5
6925 5
6959 5
5471 5
5247 5
5495 5
5501 5
6067 5
5481 5
5465 5
7545 5
6999 5
6335 5
7005 5
7033 5
6709 5
4701 5
4735 5
4216 5
5020 5
4956 5
4414 5
6460 5
5788 5
5724 5
5182 5
7228 5
4763 5
4655 5
5678 5
6701 5
7724 5
5436 5
7832 5
4953 5
5017 5
4915 5
6961 5
4720 5
4918 5
6964 5
4907 5
5930 5
4917 5
6953 5
7976 5
4222 5
6268 5
4569 5
5073 5
4497 5
4467 5
6513 5
4449 5
4572 5
5076 5
4500 5
4470 5
6516 5
4452 5
4978 5
7024 5
5482 5
4446 5
4469 5
6505 5
7528 5
6632 5
6492 5
6040 5
5337 5
5841 5
5265 5
5235 5
7281 5
5217 5
5340 5
5844 5
5268 5
5238 5
7284 5
5220 5
5810 5
7856 5
5406 5
5237 5
7452 5
5520 5
4197 5
4765 5
4283 5
6329 5
4887 5
6933 5
5489 5
4711 5
5734 5
4838 5
4950 5
6757 5
6996 5
5492 5
4245 5
5472 5
4893 5
4910 5
6956 5
5748 5
5860 5
4949 5
4977 5
4221 5
4285 5
5916 5
4473 5
4585 5
5468 5
5244 5
6000 5
6064 5
4321 5
4322 5
4192 5
6566 5
6550 5
6563 5
6547 5
7471 5
5822 5
6589 5
6583 5
7334 5
7318 5
7331 5
7315 5
7343 5
7390 5
7351 5
7183 5
5278 5
4510 5
6301 5
6295 5
5294 5
4526 5
6317 5
6311 5
5542 5
7687 5
5526 5
7043 5
6791 5
5539 5
7811 5
5523 5
5068 5
6454 5
5430 5
5935 5
7693 5
5647 5
5551 5
4543 5
5565 5
5559 5
6070 5
5548 5
5532 5
7612 5
7853 5
7868 5
7097 5
4799 5
7847 5
7123 5
6368 5
7435 5
6549 5
6565 5
7307 5
7317 5
7562 5
7310 5
7333 5
8099 5
7603 5
5344 5
7975 5
7606 5
7586 5
6050 5
7076 5
7073 5
7939 5
7570 5
6034 5
7060 5
7057 5
6453 5
7981 5
7945 5
5899 5
7595 5
7605 5
6059 5
5051 5
6069 5
8120 5
8101 5
8116 5
5013 5
5029 5
5047 5
5089 5
6577 5
4531 5
5092 5
4588 5
6580 5
4534 5
7465 5
5419 5
4533 5
5857 5
5353 5
7345 5
5299 5
5356 5
7348 5
5302 5
7337 5
7576 5
7324 5
7384 5
5291 5
5530 5
5301 5
7841 5
6805 5
5553 5
5795 5
5011 5
4759 5
4819 5
7717 5
5556 5
5671 5
5929 5
7705 5
5659 5
5545 5
4537 5
5308 5
5677 5
5797 5
5812 5
5041 5
6746 5
6762 5
5577 5
6081 5
5580 5
6084 5
5578 5
6082 5
7279 5
4606 5
6391 5
4334 5
7213 5
4540 5
5167 5
4279 5
7666 5
6096 5
7536 5
4333 5
7651 5
6615 5
5107 5
5875 5
6649 5
6652 5
4557 5
5061 5
6388 5
4342 5
6640 5
4594 5
7527 5
5110 5
5878 5
6598 5
6628 5
6625 5
7491 5
6612 5
6609 5
6088 5
6386 5
7459 5
8035 5
7156 5
7503 5
7533 5
7534 5
7497 5
5451 5
7515 5
6621 5
6619 5
6638 5
7653 5
7668 5
4565 5
4581 5
4599 5
6559 5
5371 5
4315 5
4383 5
4215 5
6429 5
5241 5
6810 5
6826 5
5362 5
7408 5
4339 5
6385 5
5829 5
5325 5
7575 5
7417 5
7420 5
4317 5
6112 5
7600 5
7399 5
7638 5
7558 5
7396 5
7393 5
7363 5
7380 5
7377 5
7446 5
8086 5
7921 5
7567 5
7405 5
7406 5
7387 5
7581 5
7579 5
5518 5
7564 5
7598 5
7637 5
7665 5
5333 5
5349 5
5367 5
7888 5
6853 5
6349 5
5331 5
4563 5
6535 5
5347 5
4579 5
7136 5
7239 5
5334 5
4566 5
5350 5
4582 5
7245 5
7246 5
7365 5
4311 5
4327 5
6541 5
6539 5
6597 5
5910 5
5745 5
7956 5
4813 5
6423 5
8071 5
6115 5
7139 5
7891 5
6039 5
7831 5
4999 5
7045 5
7079 5
5591 5
5601 5
5585 5
7969 5
5923 5
5044 5
7207 5
8007 5
5991 5
7015 5
7749 5
5703 5
7767 5
6102 5
7894 5
7142 5
5607 5
5604 5
5588 5
6022 5
7814 5
5574 5
7648 5
7632 5
5955 5
6979 5
5571 5
5967 5
5743 5
5997 5
5998 5
8041 5
5979 5
8025 5
6991 5
7021 5
7022 5
8013 5
7773 5
5727 5
8014 5
8075 5
7823 5
7883 5
7835 5
6031 5
5023 5
6045 5
6043 5
6062 5
8092 5
8108 5
7837 5
8077 5
7085 5
5039 5
7118 5
5583 5
5359 5
5613 5
5614 5
7657 5
5595 5
7641 5
4575 5
4351 5
4605 5
5597 5
7644 5
7660 5
5373 5
6132 5
6129 5
6136 5
8176 5
8133 5
8161 5
6117 5
7141 5
7893 5
5863 5
5847 5
8148 5
6101 5
5079 5
5095 5
4861 5
7627 5
6091 5
7111 5
7117 5
5839 5
7191 5
5071 5
6439 5
6410 5
6798 5
6734 5
6662 5
7178 5
6795 5
6731 5
6659 5
6287 5
6343 5
4276 5
7443 5
5870 5
5869 5
5851 5
7897 5
4847 5
4303 5
4807 5
5102 5
5036 5
4972 5
5101 5
7145 5
5083 5
4523 5
4775 5
5484 5
6383 5
4831 5
6858 5
7754 5
7818 5
6986 5
7050 5
8140 5
7462 5
8137 5
6094 5
7630 5
7885 5
7879 5
8066 5
7618 5
7148 5
4965 5
8168 5
7624 5
8128 5
6124 5
7900 5
4528 5
6121 5
7592 5
7844 5
8152 5
8162 5
8002 5
6223 5
4963 5
5030 5
7276 5
6572 5
5721 5
5785 5
5781 5
5232 5
6108 5
6105 5
7512 5
6993 5
8146 5
5853 5
4209 5
5085 5
5214 5
4695 5
5529 5
6367 5
5715 5
5782 5
7257 5
6553 5
4495 5
7476 5
7473 5
5757 5
6076 5
4849 5
4345 5
5872 5
5368 5
5175 5
5689 5
5809 5
5819 5
4856 5
5199 5
4407 5
4600 5
5104 5
4348 5
4852 5
6009 5
5053 5
4924 5
4980 5
4990 5
4476 5
5305 5
8001 5
7036 5
8068 5
7865 5
7500 6
7197 6
6445 6
5767 6
5926 6
5907 6
4927 6
5949 6
5943 6
5932 6
7996 6
6575 6
7485 6
7479 6
8126 6
8062 6
7993 6
5661 6
5695 6
8019 6
7807 6
7871 6
6923 6
7946 6
6949 6
7701 6
7694 6
8065 6
8004 6
7445 6
7461 6
6666 6
5381 6
5958 6
8059 6
5913 6
7561 6
6019 6
8123 6
8102 6
5957 6
6021 6
7972 6
7953 6
8061 6
8125 6
5909 6
5925 6
7009 6
7012 6
5901 6
7273 6
5731 6
6569 6
5798 6
5937 6
5655 6
5692 6
6508 6
7340 6
6821 6
8016 6
5940 6
5718 6
4921 6
7260 6
5969 6
5821 6
5181 6
8038 6
8037 6
8052 6
8164 6
4983 6
7309 6
7366 6
7813 6
7617 6
4947 6
7431 6
6741 6
8096 6
7620 6
7494 6
4966 6
7828 6
7825 6
7505 6
7389 6
5207 6
5223 6
6926 6
7437 6
7493 6
7521 6
5230 6
4462 6
6489 6
6595 6
6471 6
6477 6
6981 6
7508 6
4439 6
4455 6
7524 6
6637 6
5014 6
5616 6
8083 6
7327 6
8031 6
8095 6
5895 6
7941 6
5975 6
6012 6
5985 6
7511 6
7548 6
7675 6
8179 6
8028 6
5988 6
6049 6
6052 6
5027 6
8134 6
6118 6
7654 6
5972 6
6631 6
7678 6
8182 6
5546 6
8032 6
5466 6
7321 6
7931 6
7934 6
7933 6
8186 6
8085 6
8113 6
8145 6
5815 6
4959 6
4989 6
5981 6
8044 6
5429 6
6607 6
7517 6
5454 6
7677 6
8181 6
5461 6
5477 6
7609 6
5213 6
5229 6
5277 6
5293 6
5311 6
7103 6
4909 6
4935 6
7039 6
7263 6
5517 6
5453 6
5151 6
4399 6
6671 6
5403 6
5422 6
4431 6
5263 6
5415 6
5399 6
6079 6
6015 6
5421 6
5405 6
4191 6
4413 6
7449 6
6073 6
4479 6
4525 6
4461 6
4271 6
4551 6
6511 6
6655 6
7159 6
4445 6
4341 6
6556 6
5515 6
5319 6
5391 6
7423 6
7927 6
5275 6
4507 6
5779 6
4207 6
5447 6
6099 6
5487 6
4591 6
6911 6
7163 6
6139 6
5535 6
5343 6
5631 6
6135 6
6033 6
4975 6
7468 6
4903 6
4336 6
6036 6
8080 6
5364 6
4509 6
4255 6
4593 6
7555 6
8111 6
8047 6
5807 6
7597 6
7591 6
7303 6
7375 6
7383 6
7635 6
5271 6
4503 6
5287 6
4519 6
7588 6
7572 6
7691 6
5511 6
7585 6
7569 6
7166 6
6142 6
6055 6
5541 6
5525 6
8105 6
6061 6
5791 6
8131 6
7557 6
7165 6
8089 6
5573 6
7623 6
4596 6
7663 6
8167 6
8171 6
7629 6
5361 6
8151 6
7647 6
8158 6
7135 6
6087 6
7919 6
6093 6
8155 6
7151 6
7903 6
5887 6
5119 6
8174 6
8188 6
8185 6
8191 7
7999 7
8119 7
8055 7
7551 7
7615 7
8157 7
8173 7
8143 7
7671 7
6141 7
6127 7
6111 7